0, 4/4 60;
1, 4/4 60;
2, 6/4 53.5;
3, 4/4 63.5;
4, 2/4 50.5;
5, 2/4 47.5;
6, 6/4 170;
7, 3/4 127.5;
8, 1/4 60;
9, 4/4 45;
10, 2/4 56.5;
11, 6/4 87.75;
12, 4/4 142;
13, 6/4 75.5;
14, 6/4 80;
15, 12/4 63.5;
16, 4/4 67;
17, 2/4 60;
18, 3/4 60;
19, 6/4 120 60 6 1;
20, 1/4 60;
21, 5/4 90 45 5 1;
22, 2/4 45;
23, 4/4 60;
24, 6/4 53.5;
25, 6/4 95;
26, 2/4 50.5;
27, 2/4 47.5;
28, 4/4 170;
29, 2/4 170;
30, 3/4 127.5;
31, 1/4 60;
32, 4/4 45;
33, 2/4 56.5;
34, 6/4 84.75;
35, 4/4 142;
36, 4/4 75.5;
37, 3/4 113.25;
38, 2/4 80;
39, 2/4 80;
40, 2/4 80;
41, 4/4 127;
42, 3/4 95.25;
43, 4/4 116;
44, 5/4 130;
45, 6/4 150;
46, 4/4 100;
47, 3/4 60;
48, 8/4 63.5;
49, 5/4 63.5;
50, 1/4 127;
51, 4/4 63.5;
52, 4/4 63.5;
53, 4/4 63.5;
54, 4/4 63.5;
55, 6/4 63.5;
56, 2/4 127;
57, 5/4 127 12.7 5 1;
58, 4/4 63.5;
59, 4/4 63.5; 
60, 4/4 63.5;
61, 8/4 63.5; 
62, 1/4 67;
63, 4/4 67;
64, 3/4 60;
65, 15/4 180 72 15 1;
66, 18/4 96 30 18 1;
67, 4/4 30;
68, 3/4 60;
69, 1/4 120;
70, 4/4 120;
71, 6/4 107 40 6 1; 
72, 4/4 40 101 4 1;
73, 2/4 101 47.5 2 1;
74, 2/4 47.5;
75, 3/4 42.5 90 3 1;
76, 1/4 90;
77, 1/4 170;
78, 1/4 120;
79, 2/4 90 45 2 1; 
80, 6/4 90 22.5 6 1; 
81, 4/4 90; 
82, 1/4 56.5;
83, 5/4 56.5 142 5 1;
84, 2/4 142; 
85, 2/4 150; 
86, 4/4 150 80 4 1; 
87, 2/4 80;
88, 2/4 80 40 2 1;
89, 2/4 40;
90, 4/4 127;
91, 3/4 95;
92, 4/4 127;
93, 5/4 158.75;
94, 6/4 190;
95, 4/4 127;






