0, 8/4 53.5;
1, 12/4 53.5;
2, 4/4 53.5;
3, 10/4 53.5;
4, 10/4 53.5;
5, 5/4 53.5;
6, 5/4 53.5;
7, 5/4 53.5;
8, 3/4 53.5;
9, 2/4 53.5;
10, 9/4 120.375;
11, 9/4 120.375;
12, 6/4 53.5;
13, 4/4 53.5;
14, 8/4 53.5;
15, 6/4 53.5;
16, 12/4 53.5;
17, 4/4 53.5;
18, 2/4 53.5;
19, 18/4 160.5 40.125 18 1;
20, 1/4 53.5;
21, 1/4 53.5;
22, 1/4 53.5;
23, 5/4 107;
24, 5/4 107;
25, 5/4 107;
26, 8/4 107 26.75 7 2;
27, 2/4 107;
28, 5/4 107;
29, 5/4 107;
30, 3/4 107;
31, 3/4 107;
32, 7/4 107;
33, 7/4 107;
34, 6/4 107;
35, 6/4 107;
36, 6/4 107;
37, 1/4 107;
38, 4/4 107 26.75 4 1;
39, 4/4 53.5;
40, 4/4 53.5;
41, 4/4 53.5;
42, 4/4 53.5 26.75 3 1;
43, 18/4 53.5;
44, 3/4 53.5;
45, 1/4 56.5;
46, 3/4 53.5;
47, 1/4 56.5;
48, 2/4 53.5;
49, 2/4 56.5;
50, 2/4 47.5;
51, 4/4 53.5;
52, 2/4 53.5;
53, 2/4 47.5;
54, 2/4 53.5;
55, 2/4 56.5;
56, 2/4 53.5;
57, 2/4 56.5;
58, 2/4 53.5;
59, 2/4 56.5;
60, 2/4 53.5;
61, 2/4 56.5;
62, 3/4 107;
63, 3/4 113;
64, 5/4 53.5 26.75 5 1;
65, 2/4 56.5;
66, 2/4 53.5;
67, 2/4 56.5;
68, 4/4 53.5;
69, 4/4 45;
70, 4/4 53.5;
71, 3/4 45;
72, 3/4 53.5;
73, 3/4 43;
74, 16/4 53.5;
75, 5/4 75.5 18.875 2 4;
76, 6/4 53.5;
77, 4/4 40;
78, 3/4 56.5;
79, 16/4 53.5;
80, 7/4 56.5 113 7 1;
81, 3/4 113 56.5 3 1;
82, 5/4 56.5 113 5 1;
83, 3/4 113 56.5 3 1;
84, 10/4 53.5 26.75 6 5;
85, 6/4 56.5;
86, 6/4 50.5;
87, 4/4 56.5;
88, 4/4 63.5;
89, 8/4 47.5 23.75 3 6;
90, 8/4 67;
91, 6/4 47.5;
92, 6/4 71;
93, 4/4 47.5;
94, 4/4 56.5;
95, 2/4 47.5;
96, 2/4 56.5;
97, 6/4 47.5;
98, 6/4 56.5;
99, 4/4 47.5;
100, 4/4 60;
101, 4/4 47.5 23.75 2 2;
102, 9/4 53.5 26.75 8 2;
103, 4/4 26.75 53.5 4 1;
104, 5/4 53.5 20 5 1;
105, 6/4 60;
106, 3/4 60;
107, 3/4 60;
