0, 6/4 60;
1, 3/4 120;
2, 4/4 60;
3, 4/4 60 30 3 2;
4, 4/4 60;
5, 3/4 120;
6, 3/4 60;
7, 5/4 100;
8, 3/4 60;
9, 3/4 63.5;
10, 3/4 63.5;
11, 3/4 63.5;
12, 3/4 63.5 31.75 3 1;
13, 3/4 53.5;
14, 3/4 53.5;
15, 3/4 53.5;
16, 3/4 53.5;
17, 3/4 53.5;
18, 3/4 53.5;
19, 2/4 63.5;
20, 2/4 63.5;
21, 2/4 63.5 31.75 2 1;
22, 4/4 90;
23, 4/4 90;
24, 4/4 90 45 2 3;
25, 6/4 63.5;
26, 6/4 63.5;
27, 6/4 63.5 31.75 1 6;
28, 3/4 63.5 31.75 3 1;
29, 3/4 31.75 63.5 3 1;
30, 6/4 63.5 31.75 4 3;
31, 6/4 50.5;
32, 3/4 50.5;
33, 3/4 50.5;
34, 9/4 50.5 25.75 3 7;
35, 9/4 47.5;
36, 6/4 60 30 2 5;
37, 3/4 60;
38, 6/4 60;
39, 6/4 85;
40, 3/4 85;
41, 6/4 85;
42, 3/4 60;
43, 6/4 45;
44, 6/4 45;
45, 6/4 60;
46, 3/4 60;
47, 6/4 60;
48, 6/4 60 30 3 4;
49, 12/4 60;
50, 6/4 60;
51, 3/4 56.5;
52, 3/4 56.5;
53, 3/4 56.5;
54, 5/4 56.5 36 2 3;
55, 3/8 72;
56, 3/4 36 56.5 3 1;
57, 3/4 71 35.5 3 1;
58, 3/4 71 35.5 3 1;
59, 4/4 71 35.5 3 2;
60, 2/4 71 35.5 2 1;
61, 6/4 75.5;
62, 6/4 75.5 37.75 3 4;
63, 6/4 75.5;
64, 6/4 75.5 37.75 3 4;
65, 6/4 80;
66, 6/4 80;
67, 6/4 80 40 4 3;
68, 5/4 63.5;
69, 2/4 63.5;
70, 2/4 63.5;
71, 5/4 63.5 31.75 3 3;
72, 3/4 31.75;
73, 4/4 31.75 63.5 3 1;
74, 3/4 63.5 15.875 2 1;
75, 6/4 15.875 63.5 6 1;
76, 6/4 63.5 31.75 4 2;
77, 6/4 67;
78, 6/4 67;
79, 4/4 60;
80, 2/4 60;
81, 6/4 60 30 3 4;
82, 1/4 30;
83, 4/4 30 60 2 1;
84, 2/4 60 30 2 1;
85, 6/4 60 15 4 3;

